10
200
2025840631
0918055181
6532553916
3223648596
4191824691
9712455815
5788415275
1382631981
6422771174
1281307031
6676792134
2533906824
5911287621
2077516681
4181563153
2167388840
4406925149
4104834743
8867028524
8337108206
8759880454
1810047330
1267001911
3447434696
8279365535
3627887611
3670412651
1636862502
3443309695
3684467620
0781206963
0340912182
4543476432
7842375660
4826121767
5940283168
6169325156
5281260729
6746698592
3565662584
4044418568
6352180962
4868691740
4661467111
1944490511
7379924080
0885256338
9857460640
4273385120
5165699626
1450216294
4100682710
3805850552
7983959776
9103032540
7032407925
4235955147
3725093589
6121478249
8367195208
6844660443
8743548106
6778071469
5016381885
9961193871
2485127462
6252284615
8565976569
0019617339
6454869186
0894318118
5063124611
6101022480
7852246630
8516971596
4120937910
2239279961
3934739582
5562075106
7207621408
3058055309
5958678501
7999766518
2588833693
8392341075
8284156130
3091521312
1728064305
8688650217
9370204721
1002689619
1677273985
2354903787
9711227755
9074666531
1025941068
2222520324
6371362610
1005397734
7995870512
5114385542
9867547596
3415548641
3096315200
8895046427
7985873970
3620864335
2803070488
9265086049
1357401561
2041070339
5488383795
4623920538
5883294888
2801737123
5956102806
3995678649
6825611334
9491626135
9218671205
7055655116
2824709396
7990393953
7333373288
0086242074
4036241716
1107176161
4847811900
8319056882
1953668725
6290590975
7225983842
6796976767
4824970674
3900043051
2708995374
8699106946
1133133913
6481495882
8313570433
7252194429
0836132508
3008255084
4617700109
3523627762
9767533438
3542573242
8515660499
8781263241
4115175096
1561770896
0970594535
6940620136
1574698433
3631211526
9377005095
9830171028
2073669927
1426360231
6953036526
3606575964
0385297702
7759198771
1813516617
2865995940
2585205281
1070288684
0841508935
7024277176
2291755023
6029475196
0474400728
2593335982
7458089946
2134942168
7879258625
7509668694
0831945406
6025118814
1097572368
9344553399
1386841118
6519284330
0567985697
3918343973
2219246804
9064459547
3554513236
3414781252
5037365376
9897414974
4428443424
8821456607
2535454092
6672033135
0917444319
3897036004
2600981554
5412725786
6701782409
