2
100
10001001
10100011
10011110
01111111
11110110
01110000
11001000
00011000
01101000
10100101
00101101
01001000
11001101
10110100
00001000
00110100
01101001
10000001
01101101
11010110
00011011
10010001
00111110
00000110
11101010
01000001
10101111
10100001
10101010
11011000
10100000
01100000
10110101
00011001
01011111
00111101
01100010
01000011
11000110
11100101
11110001
00010001
11100010
10101011
00010011
01111001
10101100
01010011
11111100
01000010
10011100
00110010
01000111
10110000
10100111
00101000
00110011
10110110
01101110
10111011
01001100
00110001
01010100
00111100
00110000
01001111
00101011
01111100
00001100
00001011
01011011
00100000
01010001
10101110
00000001
01001010
11010011
10001100
00100010
01110100
00000111
01011010
00100101
10000000
01111110
11000111
11011101
10000101
11001010
10000011
01000100
11001111
10010101
01001001
10010110
01111000
00001111
00101111
10111111
00111000
